2.0025 7.1434e-37 2.21345e-37 3.50896e-37 1.23433e-37
2.0075 7.22227e-37 2.23794e-37 3.54882e-37 1.2483e-37
2.0125 7.30201e-37 2.26272e-37 3.58914e-37 1.26243e-37
2.0175 7.38265e-37 2.28776e-37 3.62992e-37 1.27672e-37
2.0225 7.46418e-37 2.31309e-37 3.67118e-37 1.29118e-37
2.0275 7.54663e-37 2.3387e-37 3.71291e-37 1.3058e-37
2.0325 7.63e-37 2.3646e-37 3.75512e-37 1.32059e-37
2.0375 7.7143e-37 2.39079e-37 3.79782e-37 1.33555e-37
2.0425 7.79954e-37 2.41727e-37 3.84101e-37 1.35068e-37
2.0475 7.88574e-37 2.44405e-37 3.8847e-37 1.36599e-37
2.0525 7.9729e-37 2.47113e-37 3.9289e-37 1.38147e-37
2.0575 8.06103e-37 2.49851e-37 3.97361e-37 1.39713e-37
2.0625 8.15015e-37 2.5262e-37 4.01883e-37 1.41296e-37
2.0675 8.24027e-37 2.5542e-37 4.06458e-37 1.42898e-37
2.0725 8.33139e-37 2.58251e-37 4.11086e-37 1.44519e-37
2.0775 8.42352e-37 2.61114e-37 4.15767e-37 1.46158e-37
2.0825 8.51669e-37 2.64009e-37 4.20502e-37 1.47816e-37
2.0875 8.61089e-37 2.66937e-37 4.25292e-37 1.49493e-37
2.0925 8.70614e-37 2.69897e-37 4.30137e-37 1.51189e-37
2.0975 8.80245e-37 2.72891e-37 4.35038e-37 1.52905e-37
2.1025 8.89983e-37 2.75918e-37 4.39996e-37 1.5464e-37
2.1075 8.99829e-37 2.78979e-37 4.45011e-37 1.56396e-37
2.1125 9.09784e-37 2.82074e-37 4.50084e-37 1.58171e-37
2.1175 9.1985e-37 2.85204e-37 4.55216e-37 1.59968e-37
2.1225 9.30027e-37 2.88369e-37 4.60407e-37 1.61784e-37
2.1275 9.40318e-37 2.91569e-37 4.65658e-37 1.63622e-37
2.1325 9.50724e-37 2.94806e-37 4.7097e-37 1.65481e-37
2.1375 9.61245e-37 2.98078e-37 4.76343e-37 1.67361e-37
2.1425 9.71884e-37 3.01388e-37 4.81778e-37 1.69264e-37
2.1475 9.82641e-37 3.04734e-37 4.87277e-37 1.71188e-37
2.1525 9.93518e-37 3.08118e-37 4.92839e-37 1.73134e-37
2.1575 1.00452e-36 3.1154e-37 4.98465e-37 1.75102e-37
2.1625 1.01564e-36 3.15001e-37 5.04157e-37 1.77094e-37
2.1675 1.02688e-36 3.185e-37 5.09914e-37 1.79108e-37
2.1725 1.03825e-36 3.22038e-37 5.15738e-37 1.81146e-37
2.1775 1.04975e-36 3.25616e-37 5.2163e-37 1.83207e-37
2.1825 1.06138e-36 3.29234e-37 5.2759e-37 1.85292e-37
2.1875 1.07313e-36 3.32893e-37 5.3362e-37 1.87401e-37
2.1925 1.08502e-36 3.36593e-37 5.39719e-37 1.89534e-37
2.1975 1.09704e-36 3.40334e-37 5.45888e-37 1.91692e-37
2.2025 1.10919e-36 3.44117e-37 5.5213e-37 1.93875e-37
2.2075 1.12148e-36 3.47942e-37 5.58443e-37 1.96082e-37
2.2125 1.13391e-36 3.5181e-37 5.6483e-37 1.98316e-37
2.2175 1.14648e-36 3.55721e-37 5.71291e-37 2.00575e-37
2.2225 1.15919e-36 3.59676e-37 5.77827e-37 2.0286e-37
2.2275 1.17203e-36 3.63675e-37 5.84438e-37 2.05171e-37
2.2325 1.18503e-36 3.67719e-37 5.91127e-37 2.0751e-37
2.2375 1.19817e-36 3.71808e-37 5.97893e-37 2.09875e-37
2.2425 1.21145e-36 3.75943e-37 6.04737e-37 2.12267e-37
2.2475 1.22488e-36 3.80124e-37 6.11661e-37 2.14687e-37
2.2525 1.23847e-36 3.84353e-37 6.18665e-37 2.17135e-37
2.2575 1.2522e-36 3.88628e-37 6.25751e-37 2.19612e-37
2.2625 1.26609e-36 3.92952e-37 6.32919e-37 2.22117e-37
2.2675 1.28013e-36 3.97324e-37 6.4017e-37 2.24651e-37
2.2725 1.29433e-36 4.01744e-37 6.47506e-37 2.27214e-37
2.2775 1.30869e-36 4.06215e-37 6.54927e-37 2.29807e-37
2.2825 1.32321e-36 4.10736e-37 6.62433e-37 2.32429e-37
2.2875 1.33789e-36 4.15307e-37 6.70027e-37 2.35083e-37
2.2925 1.35273e-36 4.19929e-37 6.7771e-37 2.37766e-37
2.2975 1.36773e-36 4.24603e-37 6.85481e-37 2.40481e-37
2.3025 1.38291e-36 4.2933e-37 6.93342e-37 2.43227e-37
2.3075 1.39825e-36 4.34109e-37 7.01295e-37 2.46005e-37
2.3125 1.41376e-36 4.38942e-37 7.09339e-37 2.48815e-37
2.3175 1.42944e-36 4.43829e-37 7.17478e-37 2.51657e-37
2.3225 1.4453e-36 4.48771e-37 7.2571e-37 2.54532e-37
2.3275 1.46133e-36 4.53768e-37 7.34038e-37 2.5744e-37
2.3325 1.47754e-36 4.58821e-37 7.42463e-37 2.60382e-37
2.3375 1.49392e-36 4.63931e-37 7.50986e-37 2.63358e-37
2.3425 1.51049e-36 4.69098e-37 7.59607e-37 2.66369e-37
2.3475 1.52725e-36 4.74322e-37 7.68329e-37 2.69414e-37
2.3525 1.54419e-36 4.79606e-37 7.77152e-37 2.72494e-37
2.3575 1.56132e-36 4.84948e-37 7.86077e-37 2.7561e-37
2.3625 1.57863e-36 4.90351e-37 7.95106e-37 2.78762e-37
2.3675 1.59614e-36 4.95813e-37 8.0424e-37 2.8195e-37
2.3725 1.61385e-36 5.01337e-37 8.1348e-37 2.85175e-37
2.3775 1.63175e-36 5.06923e-37 8.22827e-37 2.88437e-37
2.3825 1.64985e-36 5.12571e-37 8.32283e-37 2.91737e-37
2.3875 1.66815e-36 5.18282e-37 8.41849e-37 2.95075e-37
2.3925 1.68666e-36 5.24057e-37 8.51525e-37 2.98452e-37
2.3975 1.70537e-36 5.29896e-37 8.61313e-37 3.01868e-37
2.4025 1.72429e-36 5.358e-37 8.71215e-37 3.05322e-37
2.4075 1.74341e-36 5.41771e-37 8.81232e-37 3.08817e-37
2.4125 1.76276e-36 5.47807e-37 8.91365e-37 3.12352e-37
2.4175 1.78231e-36 5.53911e-37 9.01615e-37 3.15928e-37
2.4225 1.80208e-36 5.60083e-37 9.11985e-37 3.19544e-37
2.4275 1.82208e-36 5.66324e-37 9.22474e-37 3.23203e-37
2.4325 1.84229e-36 5.72634e-37 9.33086e-37 3.26904e-37
2.4375 1.86273e-36 5.79015e-37 9.4382e-37 3.30647e-37
2.4425 1.8834e-36 5.85467e-37 9.54679e-37 3.34434e-37
2.4475 1.9043e-36 5.9199e-37 9.65664e-37 3.38264e-37
2.4525 1.92542e-36 5.98587e-37 9.76777e-37 3.42138e-37
2.4575 1.94679e-36 6.05257e-37 9.88018e-37 3.46058e-37
2.4625 1.96839e-36 6.12001e-37 9.9939e-37 3.50022e-37
2.4675 1.99023e-36 6.18821e-37 1.01089e-36 3.54032e-37
2.4725 2.01231e-36 6.25717e-37 1.02253e-36 3.58088e-37
2.4775 2.03464e-36 6.32689e-37 1.03431e-36 3.62192e-37
2.4825 2.05721e-36 6.3974e-37 1.04622e-36 3.66342e-37
2.4875 2.08003e-36 6.46869e-37 1.05826e-36 3.70541e-37
2.4925 2.10311e-36 6.54077e-37 1.07045e-36 3.74788e-37
2.4975 2.12644e-36 6.61365e-37 1.08278e-36 3.79083e-37
2.5025 2.15003e-36 6.68735e-37 1.09525e-36 3.83429e-37
2.5075 2.17387e-36 6.76187e-37 1.10787e-36 3.87825e-37
2.5125 2.19798e-36 6.83721e-37 1.12064e-36 3.92271e-37
2.5175 2.22236e-36 6.91339e-37 1.13355e-36 3.96768e-37
2.5225 2.247e-36 6.99042e-37 1.14661e-36 4.01318e-37
2.5275 2.27192e-36 7.06831e-37 1.15983e-36 4.0592e-37
2.5325 2.29711e-36 7.14707e-37 1.17319e-36 4.10575e-37
2.5375 2.32258e-36 7.2267e-37 1.18672e-36 4.15284e-37
2.5425 2.34832e-36 7.30721e-37 1.2004e-36 4.20047e-37
2.5475 2.37436e-36 7.38863e-37 1.21424e-36 4.24866e-37
2.5525 2.40067e-36 7.47094e-37 1.22824e-36 4.29739e-37
2.5575 2.42728e-36 7.55418e-37 1.2424e-36 4.3467e-37
2.5625 2.45418e-36 7.63833e-37 1.25672e-36 4.39657e-37
2.5675 2.48138e-36 7.72342e-37 1.27122e-36 4.44701e-37
2.5725 2.50888e-36 7.80946e-37 1.28588e-36 4.49804e-37
2.5775 2.53668e-36 7.89645e-37 1.30071e-36 4.54966e-37
2.5825 2.56478e-36 7.98441e-37 1.31571e-36 4.60187e-37
2.5875 2.59319e-36 8.07334e-37 1.33089e-36 4.65468e-37
2.5925 2.62192e-36 8.16326e-37 1.34624e-36 4.70811e-37
2.5975 2.65096e-36 8.25417e-37 1.36177e-36 4.76215e-37
2.6025 2.68032e-36 8.34608e-37 1.37748e-36 4.81681e-37
2.6075 2.71e-36 8.43902e-37 1.39337e-36 4.8721e-37
2.6125 2.74001e-36 8.53298e-37 1.40944e-36 4.92803e-37
2.6175 2.77034e-36 8.62797e-37 1.4257e-36 4.9846e-37
2.6225 2.80101e-36 8.72402e-37 1.44215e-36 5.04183e-37
2.6275 2.83201e-36 8.82113e-37 1.45879e-36 5.09971e-37
2.6325 2.86335e-36 8.91931e-37 1.47562e-36 5.15826e-37
2.6375 2.89504e-36 9.01858e-37 1.49264e-36 5.21749e-37
2.6425 2.92707e-36 9.11895e-37 1.50987e-36 5.2774e-37
2.6475 2.95946e-36 9.22042e-37 1.52729e-36 5.33799e-37
2.6525 2.99219e-36 9.32302e-37 1.54491e-36 5.39929e-37
2.6575 3.02529e-36 9.42675e-37 1.56273e-36 5.46129e-37
2.6625 3.05875e-36 9.53162e-37 1.58077e-36 5.524e-37
2.6675 3.09257e-36 9.63766e-37 1.59901e-36 5.58743e-37
2.6725 3.12677e-36 9.74486e-37 1.61746e-36 5.6516e-37
2.6775 3.16133e-36 9.85325e-37 1.63612e-36 5.7165e-37
2.6825 3.19627e-36 9.96284e-37 1.655e-36 5.78215e-37
2.6875 3.2316e-36 1.00736e-36 1.67409e-36 5.84855e-37
2.6925 3.26731e-36 1.01857e-36 1.69341e-36 5.91571e-37
2.6975 3.3034e-36 1.02989e-36 1.71295e-36 5.98364e-37
2.7025 3.33989e-36 1.04134e-36 1.73271e-36 6.05235e-37
2.7075 3.37678e-36 1.05292e-36 1.7527e-36 6.12185e-37
2.7125 3.41407e-36 1.06462e-36 1.77292e-36 6.19215e-37
2.7175 3.45176e-36 1.07645e-36 1.79338e-36 6.26325e-37
2.7225 3.48986e-36 1.08842e-36 1.81407e-36 6.33517e-37
2.7275 3.52838e-36 1.10051e-36 1.835e-36 6.40791e-37
2.7325 3.56731e-36 1.11274e-36 1.85617e-36 6.48148e-37
2.7375 3.60666e-36 1.1251e-36 1.87758e-36 6.5559e-37
2.7425 3.64645e-36 1.1376e-36 1.89924e-36 6.63117e-37
2.7475 3.68666e-36 1.15024e-36 1.92115e-36 6.7073e-37
2.7525 3.72731e-36 1.16301e-36 1.94331e-36 6.78431e-37
2.7575 3.7684e-36 1.17593e-36 1.96573e-36 6.86219e-37
2.7625 3.80993e-36 1.18899e-36 1.9884e-36 6.94097e-37
2.7675 3.85192e-36 1.20219e-36 2.01134e-36 7.02065e-37
2.7725 3.89436e-36 1.21554e-36 2.03454e-36 7.10125e-37
2.7775 3.93726e-36 1.22903e-36 2.05801e-36 7.18277e-37
2.7825 3.98062e-36 1.24267e-36 2.08174e-36 7.26522e-37
2.7875 4.02445e-36 1.25646e-36 2.10576e-36 7.34861e-37
2.7925 4.06875e-36 1.2704e-36 2.13004e-36 7.43296e-37
2.7975 4.11353e-36 1.2845e-36 2.15461e-36 7.51828e-37
2.8025 4.15879e-36 1.29874e-36 2.17946e-36 7.60457e-37
2.8075 4.20454e-36 1.31315e-36 2.2046e-36 7.69185e-37
2.8125 4.25078e-36 1.32771e-36 2.23002e-36 7.78013e-37
2.8175 4.29752e-36 1.34243e-36 2.25574e-36 7.86942e-37
2.8225 4.34477e-36 1.35731e-36 2.28176e-36 7.95973e-37
2.8275 4.39252e-36 1.37235e-36 2.30807e-36 8.05107e-37
2.8325 4.44078e-36 1.38756e-36 2.33468e-36 8.14345e-37
2.8375 4.48956e-36 1.40293e-36 2.3616e-36 8.2369e-37
2.8425 4.53886e-36 1.41848e-36 2.38884e-36 8.3314e-37
2.8475 4.5887e-36 1.43419e-36 2.41638e-36 8.42699e-37
2.8525 4.63906e-36 1.45007e-36 2.44424e-36 8.52367e-37
2.8575 4.68997e-36 1.46612e-36 2.47241e-36 8.62145e-37
2.8625 4.74142e-36 1.48235e-36 2.50091e-36 8.72034e-37
2.8675 4.79342e-36 1.49875e-36 2.52974e-36 8.82036e-37
2.8725 4.84598e-36 1.51534e-36 2.5589e-36 8.92152e-37
2.8775 4.89909e-36 1.5321e-36 2.58838e-36 9.02383e-37
2.8825 4.95277e-36 1.54904e-36 2.61821e-36 9.12731e-37
2.8875 5.00703e-36 1.56617e-36 2.64838e-36 9.23195e-37
2.8925 5.06186e-36 1.58348e-36 2.67888e-36 9.33779e-37
2.8975 5.11727e-36 1.60098e-36 2.70974e-36 9.44483e-37
2.9025 5.17327e-36 1.61867e-36 2.74095e-36 9.55308e-37
2.9075 5.22987e-36 1.63655e-36 2.77251e-36 9.66255e-37
2.9125 5.28706e-36 1.65462e-36 2.80443e-36 9.77327e-37
2.9175 5.34486e-36 1.67288e-36 2.83671e-36 9.88524e-37
2.9225 5.40327e-36 1.69134e-36 2.86936e-36 9.99848e-37
2.9275 5.4623e-36 1.71e-36 2.90238e-36 1.0113e-36
2.9325 5.52195e-36 1.72886e-36 2.93577e-36 1.02288e-36
2.9375 5.58224e-36 1.74792e-36 2.96955e-36 1.03459e-36
2.9425 5.64316e-36 1.76719e-36 3.0037e-36 1.04644e-36
2.9475 5.70472e-36 1.78667e-36 3.03825e-36 1.05842e-36
2.9525 5.76693e-36 1.80635e-36 3.07318e-36 1.07053e-36
2.9575 5.8298e-36 1.82624e-36 3.10852e-36 1.08279e-36
2.9625 5.89333e-36 1.84635e-36 3.14425e-36 1.09518e-36
2.9675 5.95753e-36 1.86668e-36 3.18039e-36 1.10771e-36
2.9725 6.02241e-36 1.88722e-36 3.21694e-36 1.12038e-36
2.9775 6.08796e-36 1.90798e-36 3.2539e-36 1.1332e-36
2.9825 6.15421e-36 1.92897e-36 3.29128e-36 1.14616e-36
2.9875 6.22115e-36 1.95018e-36 3.32909e-36 1.15927e-36
2.9925 6.2888e-36 1.97161e-36 3.36733e-36 1.17253e-36
2.9975 6.35715e-36 1.99328e-36 3.406e-36 1.18594e-36
3.0025 6.42623e-36 2.01518e-36 3.44511e-36 1.1995e-36
3.0075 6.49602e-36 2.03731e-36 3.48467e-36 1.21321e-36
3.0125 6.56654e-36 2.05968e-36 3.52467e-36 1.22708e-36
3.0175 6.63781e-36 2.08229e-36 3.56513e-36 1.24111e-36
3.0225 6.70981e-36 2.10514e-36 3.60605e-36 1.2553e-36
3.0275 6.78257e-36 2.12823e-36 3.64743e-36 1.26965e-36
3.0325 6.85609e-36 2.15157e-36 3.68928e-36 1.28416e-36
3.0375 6.93037e-36 2.17516e-36 3.7316e-36 1.29883e-36
3.0425 7.00542e-36 2.19899e-36 3.7744e-36 1.31367e-36
3.0475 7.08126e-36 2.22309e-36 3.81769e-36 1.32867e-36
3.0525 7.15788e-36 2.24744e-36 3.86146e-36 1.34385e-36
3.0575 7.2353e-36 2.27204e-36 3.90573e-36 1.3592e-36
3.0625 7.31353e-36 2.29691e-36 3.9505e-36 1.37472e-36
3.0675 7.39256e-36 2.32204e-36 3.99577e-36 1.39041e-36
3.0725 7.47241e-36 2.34744e-36 4.04156e-36 1.40628e-36
3.0775 7.55308e-36 2.37311e-36 4.08785e-36 1.42233e-36
3.0825 7.63458e-36 2.39905e-36 4.13467e-36 1.43856e-36
3.0875 7.71693e-36 2.42526e-36 4.18201e-36 1.45497e-36
3.0925 7.80012e-36 2.45175e-36 4.22989e-36 1.47156e-36
3.0975 7.88416e-36 2.47851e-36 4.27829e-36 1.48834e-36
3.1025 7.96906e-36 2.50556e-36 4.32724e-36 1.50531e-36
3.1075 8.05483e-36 2.53289e-36 4.37674e-36 1.52246e-36
3.1125 8.14148e-36 2.56051e-36 4.42679e-36 1.53981e-36
3.1175 8.22902e-36 2.58842e-36 4.4774e-36 1.55734e-36
3.1225 8.31744e-36 2.61662e-36 4.52857e-36 1.57508e-36
3.1275 8.40677e-36 2.64512e-36 4.58032e-36 1.59301e-36
3.1325 8.49701e-36 2.67391e-36 4.63264e-36 1.61113e-36
3.1375 8.58816e-36 2.70301e-36 4.68554e-36 1.62946e-36
3.1425 8.68025e-36 2.73241e-36 4.73903e-36 1.648e-36
3.1475 8.77327e-36 2.76211e-36 4.79312e-36 1.66674e-36
3.1525 8.86723e-36 2.79213e-36 4.8478e-36 1.68568e-36
3.1575 8.96214e-36 2.82246e-36 4.9031e-36 1.70484e-36
3.1625 9.05802e-36 2.8531e-36 4.95901e-36 1.72421e-36
3.1675 9.15486e-36 2.88406e-36 5.01554e-36 1.7438e-36
3.1725 9.25268e-36 2.91535e-36 5.0727e-36 1.7636e-36
3.1775 9.35149e-36 2.94696e-36 5.13049e-36 1.78362e-36
3.1825 9.4513e-36 2.97889e-36 5.18893e-36 1.80386e-36
3.1875 9.55211e-36 3.01116e-36 5.24801e-36 1.82433e-36
3.1925 9.65394e-36 3.04376e-36 5.30775e-36 1.84503e-36
3.1975 9.75679e-36 3.0767e-36 5.36815e-36 1.86595e-36
3.2025 9.86067e-36 3.10998e-36 5.42922e-36 1.88711e-36
3.2075 9.96559e-36 3.1436e-36 5.49097e-36 1.9085e-36
3.2125 1.00716e-35 3.17757e-36 5.55339e-36 1.93013e-36
3.2175 1.01786e-35 3.21189e-36 5.61651e-36 1.952e-36
3.2225 1.02867e-35 3.24656e-36 5.68033e-36 1.97411e-36
3.2275 1.03959e-35 3.28159e-36 5.74485e-36 1.99646e-36
3.2325 1.05061e-35 3.31698e-36 5.81009e-36 2.01907e-36
3.2375 1.06175e-35 3.35272e-36 5.87604e-36 2.04192e-36
3.2425 1.073e-35 3.38884e-36 5.94272e-36 2.06502e-36
3.2475 1.08436e-35 3.42533e-36 6.01014e-36 2.08838e-36
3.2525 1.09583e-35 3.46218e-36 6.07829e-36 2.112e-36
3.2575 1.10741e-35 3.49942e-36 6.14719e-36 2.13587e-36
3.2625 1.11911e-35 3.53703e-36 6.21686e-36 2.16001e-36
3.2675 1.13093e-35 3.57503e-36 6.28728e-36 2.18442e-36
3.2725 1.14286e-35 3.61342e-36 6.35848e-36 2.20909e-36
3.2775 1.15491e-35 3.65219e-36 6.43045e-36 2.23403e-36
3.2825 1.16707e-35 3.69136e-36 6.50322e-36 2.25925e-36
3.2875 1.17936e-35 3.73093e-36 6.57677e-36 2.28474e-36
3.2925 1.19176e-35 3.77089e-36 6.65114e-36 2.31051e-36
3.2975 1.20429e-35 3.81126e-36 6.72631e-36 2.33657e-36
3.3025 1.21694e-35 3.85204e-36 6.8023e-36 2.3629e-36
3.3075 1.22971e-35 3.89323e-36 6.87912e-36 2.38953e-36
3.3125 1.24261e-35 3.93483e-36 6.95677e-36 2.41644e-36
3.3175 1.25563e-35 3.97686e-36 7.03527e-36 2.44365e-36
3.3225 1.26878e-35 4.0193e-36 7.11462e-36 2.47115e-36
3.3275 1.28205e-35 4.06217e-36 7.19484e-36 2.49895e-36
3.3325 1.29545e-35 4.10547e-36 7.27592e-36 2.52706e-36
3.3375 1.30899e-35 4.14921e-36 7.35788e-36 2.55546e-36
3.3425 1.32265e-35 4.19338e-36 7.44073e-36 2.58418e-36
3.3475 1.33644e-35 4.238e-36 7.52447e-36 2.61321e-36
3.3525 1.35037e-35 4.28306e-36 7.60912e-36 2.64255e-36
3.3575 1.36443e-35 4.32857e-36 7.69468e-36 2.67221e-36
3.3625 1.37862e-35 4.37453e-36 7.78117e-36 2.70219e-36
3.3675 1.39296e-35 4.42095e-36 7.86859e-36 2.73249e-36
3.3725 1.40742e-35 4.46783e-36 7.95695e-36 2.76313e-36
3.3775 1.42203e-35 4.51518e-36 8.04626e-36 2.79409e-36
3.3825 1.43678e-35 4.56299e-36 8.13654e-36 2.82538e-36
3.3875 1.45166e-35 4.61128e-36 8.22778e-36 2.85702e-36
3.3925 1.46669e-35 4.66005e-36 8.32001e-36 2.88899e-36
3.3975 1.48186e-35 4.7093e-36 8.41322e-36 2.92131e-36
3.4025 1.49718e-35 4.75903e-36 8.50743e-36 2.95398e-36
3.4075 1.51263e-35 4.80925e-36 8.60266e-36 2.987e-36
3.4125 1.52824e-35 4.85996e-36 8.6989e-36 3.02037e-36
3.4175 1.54399e-35 4.91118e-36 8.79618e-36 3.0541e-36
3.4225 1.55989e-35 4.96289e-36 8.89449e-36 3.08819e-36
3.4275 1.57595e-35 5.01511e-36 8.99386e-36 3.12265e-36
3.4325 1.59215e-35 5.06784e-36 9.09428e-36 3.15748e-36
3.4375 1.6085e-35 5.12108e-36 9.19577e-36 3.19268e-36
3.4425 1.62501e-35 5.17485e-36 9.29835e-36 3.22825e-36
3.4475 1.64167e-35 5.22913e-36 9.40201e-36 3.26421e-36
3.4525 1.65848e-35 5.28395e-36 9.50678e-36 3.30055e-36
3.4575 1.67546e-35 5.33929e-36 9.61266e-36 3.33727e-36
3.4625 1.69259e-35 5.39517e-36 9.71965e-36 3.37439e-36
3.4675 1.70987e-35 5.4516e-36 9.82779e-36 3.4119e-36
3.4725 1.72732e-35 5.50856e-36 9.93706e-36 3.44981e-36
3.4775 1.74493e-35 5.56608e-36 1.00475e-35 3.48812e-36
3.4825 1.76271e-35 5.62415e-36 1.01591e-35 3.52684e-36
3.4875 1.78064e-35 5.68277e-36 1.02719e-35 3.56596e-36
3.4925 1.79874e-35 5.74196e-36 1.03858e-35 3.6055e-36
3.4975 1.81701e-35 5.80171e-36 1.0501e-35 3.64546e-36
3.5025 1.83544e-35 5.86203e-36 1.06173e-35 3.68584e-36
3.5075 1.85404e-35 5.92293e-36 1.07349e-35 3.72665e-36
3.5125 1.8728e-35 5.98441e-36 1.08537e-35 3.76788e-36
3.5175 1.89174e-35 6.04647e-36 1.09738e-35 3.80955e-36
3.5225 1.91085e-35 6.10911e-36 1.10951e-35 3.85166e-36
3.5275 1.93013e-35 6.17236e-36 1.12177e-35 3.89421e-36
3.5325 1.94959e-35 6.23619e-36 1.13416e-35 3.9372e-36
3.5375 1.96922e-35 6.30064e-36 1.14667e-35 3.98065e-36
3.5425 1.98903e-35 6.36569e-36 1.15932e-35 4.02455e-36
3.5475 2.00901e-35 6.43135e-36 1.17209e-35 4.06891e-36
3.5525 2.02917e-35 6.49763e-36 1.185e-35 4.11373e-36
3.5575 2.04952e-35 6.56453e-36 1.19805e-35 4.15902e-36
3.5625 2.07004e-35 6.63206e-36 1.21123e-35 4.20478e-36
3.5675 2.09075e-35 6.70022e-36 1.22454e-35 4.25102e-36
3.5725 2.11165e-35 6.76902e-36 1.23799e-35 4.29774e-36
3.5775 2.13272e-35 6.83845e-36 1.25159e-35 4.34494e-36
3.5825 2.15399e-35 6.90854e-36 1.26532e-35 4.39264e-36
3.5875 2.17544e-35 6.97928e-36 1.27919e-35 4.44083e-36
3.5925 2.19708e-35 7.05067e-36 1.29321e-35 4.48952e-36
3.5975 2.21891e-35 7.12272e-36 1.30737e-35 4.53871e-36
3.6025 2.24094e-35 7.19544e-36 1.32167e-35 4.58841e-36
3.6075 2.26315e-35 7.26883e-36 1.33612e-35 4.63863e-36
3.6125 2.28556e-35 7.3429e-36 1.35072e-35 4.68937e-36
3.6175 2.30817e-35 7.41765e-36 1.36547e-35 4.74062e-36
3.6225 2.33097e-35 7.49309e-36 1.38037e-35 4.79241e-36
3.6275 2.35397e-35 7.56921e-36 1.39542e-35 4.84473e-36
3.6325 2.37717e-35 7.64604e-36 1.41063e-35 4.89758e-36
3.6375 2.40057e-35 7.72356e-36 1.42599e-35 4.95098e-36
3.6425 2.42418e-35 7.8018e-36 1.4415e-35 5.00493e-36
3.6475 2.44799e-35 7.88074e-36 1.45717e-35 5.05942e-36
3.6525 2.472e-35 7.96041e-36 1.47301e-35 5.11447e-36
3.6575 2.49622e-35 8.0408e-36 1.489e-35 5.17009e-36
3.6625 2.52065e-35 8.12191e-36 1.50515e-35 5.22627e-36
3.6675 2.54528e-35 8.20376e-36 1.52147e-35 5.28302e-36
3.6725 2.57013e-35 8.28635e-36 1.53795e-35 5.34035e-36
3.6775 2.59519e-35 8.36968e-36 1.5546e-35 5.39826e-36
3.6825 2.62046e-35 8.45375e-36 1.57141e-35 5.45676e-36
3.6875 2.64594e-35 8.53859e-36 1.58839e-35 5.51585e-36
3.6925 2.67164e-35 8.62418e-36 1.60555e-35 5.57554e-36
3.6975 2.69756e-35 8.71053e-36 1.62287e-35 5.63583e-36
3.7025 2.7237e-35 8.79766e-36 1.64037e-35 5.69672e-36
3.7075 2.75005e-35 8.88556e-36 1.65804e-35 5.75823e-36
3.7125 2.77663e-35 8.97424e-36 1.67589e-35 5.82036e-36
3.7175 2.80342e-35 9.0637e-36 1.69392e-35 5.88311e-36
3.7225 2.83044e-35 9.15395e-36 1.71213e-35 5.94649e-36
3.7275 2.85769e-35 9.245e-36 1.73052e-35 6.0105e-36
3.7325 2.88516e-35 9.33685e-36 1.74909e-35 6.07516e-36
3.7375 2.91286e-35 9.42951e-36 1.76784e-35 6.14045e-36
3.7425 2.94079e-35 9.52298e-36 1.78678e-35 6.2064e-36
3.7475 2.96895e-35 9.61727e-36 1.80591e-35 6.27301e-36
3.7525 2.99734e-35 9.71238e-36 1.82522e-35 6.34028e-36
3.7575 3.02597e-35 9.80832e-36 1.84473e-35 6.40822e-36
3.7625 3.05483e-35 9.90509e-36 1.86442e-35 6.47683e-36
3.7675 3.08393e-35 1.00027e-35 1.88431e-35 6.54612e-36
3.7725 3.11326e-35 1.01012e-35 1.90439e-35 6.61609e-36
3.7775 3.14283e-35 1.02005e-35 1.92467e-35 6.68676e-36
3.7825 3.17265e-35 1.03006e-35 1.94515e-35 6.75813e-36
3.7875 3.2027e-35 1.04017e-35 1.96583e-35 6.8302e-36
3.7925 3.233e-35 1.05035e-35 1.9867e-35 6.90298e-36
3.7975 3.26354e-35 1.06063e-35 2.00778e-35 6.97648e-36
3.8025 3.29432e-35 1.07099e-35 2.02907e-35 7.0507e-36
3.8075 3.32536e-35 1.08144e-35 2.05056e-35 7.12565e-36
3.8125 3.35663e-35 1.09198e-35 2.07225e-35 7.20134e-36
3.8175 3.38816e-35 1.10261e-35 2.09416e-35 7.27776e-36
3.8225 3.41994e-35 1.11333e-35 2.11627e-35 7.35494e-36
3.8275 3.45198e-35 1.12414e-35 2.1386e-35 7.43287e-36
3.8325 3.48426e-35 1.13504e-35 2.16114e-35 7.51155e-36
3.8375 3.5168e-35 1.14603e-35 2.1839e-35 7.59101e-36
3.8425 3.5496e-35 1.15712e-35 2.20688e-35 7.67123e-36
3.8475 3.58266e-35 1.16829e-35 2.23007e-35 7.75223e-36
3.8525 3.61597e-35 1.17956e-35 2.25349e-35 7.83402e-36
3.8575 3.64955e-35 1.19093e-35 2.27713e-35 7.9166e-36
3.8625 3.68339e-35 1.20238e-35 2.30099e-35 7.99997e-36
3.8675 3.71749e-35 1.21394e-35 2.32508e-35 8.08415e-36
3.8725 3.75186e-35 1.22559e-35 2.34939e-35 8.16913e-36
3.8775 3.7865e-35 1.23733e-35 2.37394e-35 8.25493e-36
3.8825 3.8214e-35 1.24918e-35 2.39872e-35 8.34156e-36
3.8875 3.85658e-35 1.26112e-35 2.42373e-35 8.42901e-36
3.8925 3.89202e-35 1.27316e-35 2.44898e-35 8.51729e-36
3.8975 3.92774e-35 1.28529e-35 2.47447e-35 8.60642e-36
3.9025 3.96373e-35 1.29753e-35 2.50019e-35 8.69639e-36
3.9075 3.99999e-35 1.30987e-35 2.52616e-35 8.78722e-36
3.9125 4.03653e-35 1.32231e-35 2.55237e-35 8.87891e-36
3.9175 4.07335e-35 1.33484e-35 2.57883e-35 8.97146e-36
3.9225 4.11045e-35 1.34749e-35 2.60553e-35 9.06489e-36
3.9275 4.14783e-35 1.36023e-35 2.63248e-35 9.1592e-36
3.9325 4.18549e-35 1.37308e-35 2.65968e-35 9.25439e-36
3.9375 4.22343e-35 1.38603e-35 2.68714e-35 9.35048e-36
3.9425 4.26167e-35 1.39908e-35 2.71485e-35 9.44747e-36
3.9475 4.30019e-35 1.41224e-35 2.74282e-35 9.54537e-36
3.9525 4.33899e-35 1.4255e-35 2.77104e-35 9.64419e-36
3.9575 4.37809e-35 1.43888e-35 2.79953e-35 9.74393e-36
3.9625 4.41749e-35 1.45235e-35 2.82828e-35 9.8446e-36
3.9675 4.45717e-35 1.46594e-35 2.8573e-35 9.9462e-36
3.9725 4.49715e-35 1.47963e-35 2.88658e-35 1.00488e-35
3.9775 4.53743e-35 1.49344e-35 2.91613e-35 1.01523e-35
3.9825 4.57801e-35 1.50735e-35 2.94595e-35 1.02567e-35
3.9875 4.61889e-35 1.52137e-35 2.97605e-35 1.03621e-35
3.9925 4.66007e-35 1.5355e-35 3.00642e-35 1.04686e-35
3.9975 4.70155e-35 1.54974e-35 3.03707e-35 1.05759e-35
4.0025 4.74333e-35 1.56409e-35 3.068e-35 1.06843e-35
4.0075 4.78542e-35 1.57855e-35 3.09921e-35 1.07937e-35
4.0125 4.82781e-35 1.59313e-35 3.13071e-35 1.09041e-35
4.0175 4.87052e-35 1.60782e-35 3.16249e-35 1.10155e-35
4.0225 4.91353e-35 1.62262e-35 3.19455e-35 1.11279e-35
4.0275 4.95685e-35 1.63754e-35 3.22691e-35 1.12413e-35
4.0325 5.00049e-35 1.65257e-35 3.25955e-35 1.13558e-35
4.0375 5.04443e-35 1.66771e-35 3.29248e-35 1.14713e-35
4.0425 5.0887e-35 1.68298e-35 3.32571e-35 1.15879e-35
4.0475 5.13327e-35 1.69836e-35 3.35923e-35 1.17055e-35
4.0525 5.17817e-35 1.71386e-35 3.39304e-35 1.18242e-35
4.0575 5.22338e-35 1.72947e-35 3.42715e-35 1.1944e-35
4.0625 5.2689e-35 1.74521e-35 3.46155e-35 1.20649e-35
4.0675 5.31475e-35 1.76107e-35 3.49624e-35 1.21869e-35
4.0725 5.36091e-35 1.77704e-35 3.53124e-35 1.23099e-35
4.0775 5.40739e-35 1.79314e-35 3.56653e-35 1.24341e-35
4.0825 5.4542e-35 1.80936e-35 3.60211e-35 1.25594e-35
4.0875 5.50131e-35 1.8257e-35 3.63799e-35 1.26859e-35
4.0925 5.54875e-35 1.84217e-35 3.67418e-35 1.28135e-35
4.0975 5.59651e-35 1.85876e-35 3.71065e-35 1.29422e-35
4.1025 5.64458e-35 1.87547e-35 3.74742e-35 1.30721e-35
4.1075 5.69296e-35 1.89231e-35 3.78449e-35 1.32032e-35
4.1125 5.74167e-35 1.90928e-35 3.82186e-35 1.33354e-35
4.1175 5.7907e-35 1.92637e-35 3.85953e-35 1.34688e-35
4.1225 5.84005e-35 1.94358e-35 3.89751e-35 1.36034e-35
4.1275 5.88972e-35 1.96093e-35 3.93579e-35 1.37392e-35
4.1325 5.93973e-35 1.9784e-35 3.97439e-35 1.38762e-35
4.1375 5.99006e-35 1.996e-35 4.0133e-35 1.40144e-35
4.1425 6.04073e-35 2.01373e-35 4.05253e-35 1.41538e-35
4.1475 6.09174e-35 2.03158e-35 4.09208e-35 1.42944e-35
4.1525 6.14309e-35 2.04957e-35 4.13196e-35 1.44362e-35
4.1575 6.19478e-35 2.06769e-35 4.17217e-35 1.45792e-35
4.1625 6.24682e-35 2.08593e-35 4.21271e-35 1.47234e-35
4.1675 6.2992e-35 2.10431e-35 4.2536e-35 1.48689e-35
4.1725 6.35194e-35 2.12281e-35 4.29483e-35 1.50156e-35
4.1775 6.40504e-35 2.14145e-35 4.33642e-35 1.51635e-35
4.1825 6.4585e-35 2.16021e-35 4.37836e-35 1.53126e-35
4.1875 6.51232e-35 2.1791e-35 4.42067e-35 1.54629e-35
4.1925 6.56651e-35 2.19813e-35 4.46336e-35 1.56144e-35
4.1975 6.62108e-35 2.21728e-35 4.50642e-35 1.57672e-35
4.2025 6.67602e-35 2.23656e-35 4.54988e-35 1.59211e-35
4.2075 6.73134e-35 2.25596e-35 4.59373e-35 1.60763e-35
4.2125 6.78704e-35 2.2755e-35 4.63797e-35 1.62327e-35
4.2175 6.84313e-35 2.29516e-35 4.68262e-35 1.63903e-35
4.2225 6.89961e-35 2.31496e-35 4.72767e-35 1.65491e-35
4.2275 6.95647e-35 2.33489e-35 4.77312e-35 1.67092e-35
4.2325 7.01373e-35 2.35495e-35 4.81898e-35 1.68706e-35
4.2375 7.07138e-35 2.37515e-35 4.86525e-35 1.70333e-35
4.2425 7.12943e-35 2.39549e-35 4.91192e-35 1.71972e-35
4.2475 7.18787e-35 2.41596e-35 4.95901e-35 1.73625e-35
4.2525 7.24671e-35 2.43657e-35 5.00651e-35 1.75291e-35
4.2575 7.30595e-35 2.45732e-35 5.05442e-35 1.76971e-35
4.2625 7.36558e-35 2.47821e-35 5.10274e-35 1.78664e-35
4.2675 7.42562e-35 2.49924e-35 5.15147e-35 1.80372e-35
4.2725 7.48605e-35 2.52042e-35 5.20061e-35 1.82094e-35
4.2775 7.54688e-35 2.54175e-35 5.25017e-35 1.8383e-35
4.2825 7.60811e-35 2.56323e-35 5.30013e-35 1.85581e-35
4.2875 7.66973e-35 2.58486e-35 5.35051e-35 1.87347e-35
4.2925 7.73175e-35 2.60664e-35 5.40128e-35 1.89128e-35
4.2975 7.79415e-35 2.62857e-35 5.45246e-35 1.90925e-35
4.3025 7.85694e-35 2.65067e-35 5.50404e-35 1.92739e-35
4.3075 7.92012e-35 2.67292e-35 5.55601e-35 1.94568e-35
4.3125 7.98369e-35 2.69533e-35 5.60839e-35 1.96415e-35
4.3175 8.04764e-35 2.71791e-35 5.66116e-35 1.98277e-35
4.3225 8.11199e-35 2.74065e-35 5.71435e-35 2.00157e-35
4.3275 8.17674e-35 2.76355e-35 5.76794e-35 2.02053e-35
4.3325 8.24188e-35 2.78661e-35 5.82194e-35 2.03966e-35
4.3375 8.30743e-35 2.80985e-35 5.87635e-35 2.05896e-35
4.3425 8.37338e-35 2.83324e-35 5.93118e-35 2.07843e-35
4.3475 8.43974e-35 2.8568e-35 5.98643e-35 2.09807e-35
4.3525 8.50651e-35 2.88053e-35 6.04211e-35 2.11787e-35
4.3575 8.57369e-35 2.90442e-35 6.0982e-35 2.13785e-35
4.3625 8.64129e-35 2.92848e-35 6.15473e-35 2.158e-35
4.3675 8.7093e-35 2.95271e-35 6.2117e-35 2.17832e-35
4.3725 8.77774e-35 2.9771e-35 6.2691e-35 2.19881e-35
4.3775 8.84659e-35 3.00166e-35 6.32694e-35 2.21947e-35
4.3825 8.91587e-35 3.02639e-35 6.38523e-35 2.2403e-35
4.3875 8.98557e-35 3.05127e-35 6.44396e-35 2.26129e-35
4.3925 9.0557e-35 3.07632e-35 6.50315e-35 2.28245e-35
4.3975 9.12626e-35 3.10153e-35 6.5628e-35 2.30378e-35
4.4025 9.19725e-35 3.12691e-35 6.62292e-35 2.32526e-35
4.4075 9.26866e-35 3.15243e-35 6.6835e-35 2.34691e-35
4.4125 9.34051e-35 3.17812e-35 6.74455e-35 2.36873e-35
4.4175 9.4128e-35 3.20397e-35 6.80608e-35 2.39071e-35
4.4225 9.48552e-35 3.22999e-35 6.86808e-35 2.41285e-35
4.4275 9.55869e-35 3.25616e-35 6.93056e-35 2.43516e-35
4.4325 9.63231e-35 3.2825e-35 6.99352e-35 2.45763e-35
4.4375 9.70637e-35 3.30901e-35 7.05697e-35 2.48028e-35
4.4425 9.78089e-35 3.33568e-35 7.1209e-35 2.5031e-35
4.4475 9.85586e-35 3.36252e-35 7.18532e-35 2.52608e-35
4.4525 9.93129e-35 3.38954e-35 7.25024e-35 2.54925e-35
4.4575 1.00072e-34 3.41672e-35 7.31565e-35 2.57258e-35
4.4625 1.00835e-34 3.44407e-35 7.38155e-35 2.59609e-35
4.4675 1.01604e-34 3.4716e-35 7.44795e-35 2.61978e-35
4.4725 1.02376e-34 3.4993e-35 7.51485e-35 2.64365e-35
4.4775 1.03154e-34 3.52717e-35 7.58226e-35 2.6677e-35
4.4825 1.03936e-34 3.55522e-35 7.65016e-35 2.69193e-35
4.4875 1.04723e-34 3.58345e-35 7.71857e-35 2.71634e-35
4.4925 1.05514e-34 3.61186e-35 7.78748e-35 2.74094e-35
4.4975 1.0631e-34 3.64044e-35 7.8569e-35 2.76573e-35
4.5025 1.07111e-34 3.6692e-35 7.92682e-35 2.79071e-35
4.5075 1.07916e-34 3.69815e-35 7.99726e-35 2.81589e-35
4.5125 1.08726e-34 3.72727e-35 8.0682e-35 2.84125e-35
4.5175 1.09541e-34 3.75658e-35 8.13965e-35 2.86681e-35
4.5225 1.1036e-34 3.78608e-35 8.21163e-35 2.89257e-35
4.5275 1.11184e-34 3.81576e-35 8.28412e-35 2.91852e-35
4.5325 1.12013e-34 3.84562e-35 8.35713e-35 2.94467e-35
4.5375 1.12847e-34 3.87568e-35 8.43068e-35 2.97102e-35
4.5425 1.13685e-34 3.90592e-35 8.50475e-35 2.99757e-35
4.5475 1.14529e-34 3.93636e-35 8.57936e-35 3.02433e-35
4.5525 1.15377e-34 3.96699e-35 8.6545e-35 3.05128e-35
4.5575 1.16231e-34 3.99781e-35 8.73018e-35 3.07844e-35
4.5625 1.1709e-34 4.02882e-35 8.80641e-35 3.1058e-35
4.5675 1.17953e-34 4.06002e-35 8.88318e-35 3.13337e-35
4.5725 1.18822e-34 4.09143e-35 8.9605e-35 3.16114e-35
4.5775 1.19696e-34 4.12302e-35 9.03837e-35 3.18912e-35
4.5825 1.20574e-34 4.15481e-35 9.11679e-35 3.21731e-35
4.5875 1.21458e-34 4.18679e-35 9.19578e-35 3.2457e-35
4.5925 1.22347e-34 4.21897e-35 9.27532e-35 3.27431e-35
4.5975 1.23241e-34 4.25134e-35 9.35543e-35 3.30312e-35
4.6025 1.2414e-34 4.2839e-35 9.43611e-35 3.33214e-35
4.6075 1.25044e-34 4.31666e-35 9.51735e-35 3.36136e-35
4.6125 1.25953e-34 4.34961e-35 9.59917e-35 3.3908e-35
4.6175 1.26867e-34 4.38275e-35 9.68156e-35 3.42045e-35
4.6225 1.27787e-34 4.41609e-35 9.76453e-35 3.45031e-35
4.6275 1.28711e-34 4.44964e-35 9.84808e-35 3.48039e-35
4.6325 1.29641e-34 4.48338e-35 9.93222e-35 3.51069e-35
4.6375 1.30577e-34 4.51732e-35 1.0017e-34 3.5412e-35
4.6425 1.31517e-34 4.55147e-35 1.01023e-34 3.57192e-35
4.6475 1.32463e-34 4.58582e-35 1.01882e-34 3.60287e-35
4.6525 1.33415e-34 4.62038e-35 1.02747e-34 3.63404e-35
4.6575 1.34372e-34 4.65515e-35 1.03618e-34 3.66543e-35
4.6625 1.35334e-34 4.69013e-35 1.04496e-34 3.69705e-35
4.6675 1.36302e-34 4.72532e-35 1.05379e-34 3.72889e-35
4.6725 1.37276e-34 4.76072e-35 1.06268e-34 3.76096e-35
4.6775 1.38255e-34 4.79633e-35 1.07164e-34 3.79325e-35
4.6825 1.3924e-34 4.83215e-35 1.08066e-34 3.82577e-35
4.6875 1.4023e-34 4.86818e-35 1.08974e-34 3.85852e-35
4.6925 1.41226e-34 4.90443e-35 1.09887e-34 3.8915e-35
4.6975 1.42227e-34 4.94089e-35 1.10808e-34 3.92471e-35
4.7025 1.43234e-34 4.97756e-35 1.11734e-34 3.95815e-35
4.7075 1.44246e-34 5.01444e-35 1.12666e-34 3.99182e-35
4.7125 1.45264e-34 5.05154e-35 1.13605e-34 4.02573e-35
4.7175 1.46287e-34 5.08885e-35 1.1455e-34 4.05987e-35
4.7225 1.47316e-34 5.12638e-35 1.15501e-34 4.09425e-35
4.7275 1.4835e-34 5.16413e-35 1.16459e-34 4.12887e-35
4.7325 1.49391e-34 5.20211e-35 1.17423e-34 4.16373e-35
4.7375 1.50437e-34 5.2403e-35 1.18393e-34 4.19883e-35
4.7425 1.51489e-34 5.27873e-35 1.1937e-34 4.23417e-35
4.7475 1.52546e-34 5.31738e-35 1.20354e-34 4.26976e-35
4.7525 1.5361e-34 5.35626e-35 1.21344e-34 4.30559e-35
4.7575 1.5468e-34 5.39537e-35 1.2234e-34 4.34168e-35
4.7625 1.55756e-34 5.43471e-35 1.23343e-34 4.378e-35
4.7675 1.56838e-34 5.47429e-35 1.24353e-34 4.41458e-35
4.7725 1.57926e-34 5.51409e-35 1.2537e-34 4.45141e-35
4.7775 1.59021e-34 5.55414e-35 1.26393e-34 4.4885e-35
4.7825 1.60121e-34 5.59441e-35 1.27422e-34 4.52583e-35
4.7875 1.61228e-34 5.63492e-35 1.28459e-34 4.56342e-35
4.7925 1.6234e-34 5.67566e-35 1.29502e-34 4.60126e-35
4.7975 1.63459e-34 5.71663e-35 1.30552e-34 4.63936e-35
4.8025 1.64583e-34 5.75783e-35 1.31609e-34 4.67771e-35
4.8075 1.65713e-34 5.79926e-35 1.32673e-34 4.71631e-35
4.8125 1.6685e-34 5.84092e-35 1.33743e-34 4.75518e-35
4.8175 1.67992e-34 5.88281e-35 1.34821e-34 4.7943e-35
4.8225 1.69141e-34 5.92495e-35 1.35905e-34 4.83368e-35
4.8275 1.70296e-34 5.96732e-35 1.36996e-34 4.87333e-35
4.8325 1.71457e-34 6.00993e-35 1.38094e-34 4.91324e-35
4.8375 1.72625e-34 6.05279e-35 1.392e-34 4.95342e-35
4.8425 1.738e-34 6.0959e-35 1.40312e-34 4.99387e-35
4.8475 1.7498e-34 6.13925e-35 1.41432e-34 5.03458e-35
4.8525 1.76168e-34 6.18286e-35 1.42559e-34 5.07557e-35
4.8575 1.77362e-34 6.22672e-35 1.43693e-34 5.11683e-35
4.8625 1.78563e-34 6.27083e-35 1.44834e-34 5.15836e-35
4.8675 1.7977e-34 6.3152e-35 1.45983e-34 5.20017e-35
4.8725 1.80984e-34 6.35982e-35 1.47139e-34 5.24226e-35
4.8775 1.82205e-34 6.4047e-35 1.48303e-34 5.28462e-35
4.8825 1.83432e-34 6.44983e-35 1.49473e-34 5.32726e-35
4.8875 1.84666e-34 6.49522e-35 1.50652e-34 5.37018e-35
4.8925 1.85907e-34 6.54086e-35 1.51838e-34 5.41338e-35
4.8975 1.87154e-34 6.58676e-35 1.53031e-34 5.45686e-35
4.9025 1.88408e-34 6.6329e-35 1.54231e-34 5.50061e-35
4.9075 1.89667e-34 6.6793e-35 1.55439e-34 5.54465e-35
4.9125 1.90934e-34 6.72595e-35 1.56655e-34 5.58897e-35
4.9175 1.92207e-34 6.77285e-35 1.57878e-34 5.63357e-35
4.9225 1.93486e-34 6.82002e-35 1.59108e-34 5.67846e-35
4.9275 1.94773e-34 6.86744e-35 1.60347e-34 5.72363e-35
4.9325 1.96066e-34 6.91514e-35 1.61593e-34 5.7691e-35
4.9375 1.97366e-34 6.9631e-35 1.62847e-34 5.81486e-35
4.9425 1.98673e-34 7.01134e-35 1.64108e-34 5.86092e-35
4.9475 1.99988e-34 7.05985e-35 1.65378e-34 5.90727e-35
4.9525 2.01309e-34 7.10863e-35 1.66655e-34 5.95392e-35
4.9575 2.02638e-34 7.1577e-35 1.67941e-34 6.00087e-35
4.9625 2.03975e-34 7.20704e-35 1.69234e-34 6.04812e-35
4.9675 2.05318e-34 7.25667e-35 1.70535e-34 6.09567e-35
4.9725 2.06669e-34 7.30658e-35 1.71845e-34 6.14353e-35
4.9775 2.08027e-34 7.35677e-35 1.73162e-34 6.19169e-35
4.9825 2.09393e-34 7.40724e-35 1.74488e-34 6.24016e-35
4.9875 2.10766e-34 7.458e-35 1.75821e-34 6.28893e-35
4.9925 2.12146e-34 7.50903e-35 1.77163e-34 6.33801e-35
4.9975 2.13534e-34 7.56034e-35 1.78512e-34 6.38739e-35
5.0025 2.14928e-34 7.61193e-35 1.7987e-34 6.43708e-35
5.0075 2.1633e-34 7.66378e-35 1.81235e-34 6.48708e-35
5.0125 2.17739e-34 7.71592e-35 1.82609e-34 6.53738e-35
5.0175 2.19155e-34 7.76834e-35 1.8399e-34 6.58799e-35
5.0225 2.20578e-34 7.82104e-35 1.8538e-34 6.63892e-35
5.0275 2.2201e-34 7.87403e-35 1.86778e-34 6.69017e-35
5.0325 2.23449e-34 7.92732e-35 1.88184e-34 6.74173e-35
5.0375 2.24895e-34 7.9809e-35 1.89598e-34 6.79361e-35
5.0425 2.2635e-34 8.03479e-35 1.91022e-34 6.84582e-35
5.0475 2.27812e-34 8.08897e-35 1.92453e-34 6.89836e-35
5.0525 2.29283e-34 8.14347e-35 1.93893e-34 6.95122e-35
5.0575 2.30762e-34 8.19827e-35 1.95342e-34 7.00441e-35
5.0625 2.32249e-34 8.25338e-35 1.968e-34 7.05793e-35
5.0675 2.33744e-34 8.3088e-35 1.98266e-34 7.11179e-35
5.0725 2.35247e-34 8.36453e-35 1.99741e-34 7.16598e-35
5.0775 2.36759e-34 8.42058e-35 2.01224e-34 7.2205e-35
5.0825 2.38278e-34 8.47694e-35 2.02717e-34 7.27536e-35
5.0875 2.39806e-34 8.5336e-35 2.04218e-34 7.33055e-35
5.0925 2.41342e-34 8.59058e-35 2.05728e-34 7.38608e-35
5.0975 2.42885e-34 8.64785e-35 2.07247e-34 7.44195e-35
5.1025 2.44437e-34 8.70543e-35 2.08775e-34 7.49814e-35
5.1075 2.45995e-34 8.7633e-35 2.10311e-34 7.55467e-35
5.1125 2.47562e-34 8.82147e-35 2.11857e-34 7.61154e-35
5.1175 2.49137e-34 8.87996e-35 2.13411e-34 7.66874e-35
5.1225 2.50719e-34 8.93876e-35 2.14974e-34 7.72629e-35
5.1275 2.5231e-34 8.99787e-35 2.16547e-34 7.78418e-35
5.1325 2.5391e-34 9.05731e-35 2.18128e-34 7.84243e-35
5.1375 2.55517e-34 9.11708e-35 2.19719e-34 7.90102e-35
5.1425 2.57134e-34 9.17717e-35 2.2132e-34 7.95997e-35
5.1475 2.58759e-34 9.2376e-35 2.22929e-34 8.01928e-35
5.1525 2.60393e-34 9.29837e-35 2.24549e-34 8.07894e-35
5.1575 2.62036e-34 9.35947e-35 2.26177e-34 8.13897e-35
5.1625 2.63688e-34 9.42092e-35 2.27816e-34 8.19936e-35
5.1675 2.65348e-34 9.48272e-35 2.29464e-34 8.26011e-35
5.1725 2.67018e-34 9.54485e-35 2.31121e-34 8.32123e-35
5.1775 2.68697e-34 9.60733e-35 2.32789e-34 8.38272e-35
5.1825 2.70384e-34 9.67016e-35 2.34466e-34 8.44457e-35
5.1875 2.72081e-34 9.73332e-35 2.36152e-34 8.50678e-35
5.1925 2.73786e-34 9.79683e-35 2.37848e-34 8.56936e-35
5.1975 2.755e-34 9.86066e-35 2.39554e-34 8.6323e-35
5.2025 2.77222e-34 9.92482e-35 2.41269e-34 8.69559e-35
5.2075 2.78953e-34 9.98931e-35 2.42993e-34 8.75925e-35
5.2125 2.80692e-34 1.00541e-34 2.44727e-34 8.82327e-35
5.2175 2.8244e-34 1.01193e-34 2.4647e-34 8.88766e-35
5.2225 2.84196e-34 1.01848e-34 2.48224e-34 8.95242e-35
5.2275 2.85962e-34 1.02506e-34 2.49987e-34 9.01756e-35
5.2325 2.87737e-34 1.03169e-34 2.5176e-34 9.08307e-35
5.2375 2.89522e-34 1.03834e-34 2.53543e-34 9.14897e-35
5.2425 2.91315e-34 1.04504e-34 2.55336e-34 9.21525e-35
5.2475 2.93119e-34 1.05177e-34 2.57139e-34 9.28193e-35
5.2525 2.94932e-34 1.05853e-34 2.58953e-34 9.34899e-35
5.2575 2.96755e-34 1.06534e-34 2.60777e-34 9.41645e-35
5.2625 2.98588e-34 1.07218e-34 2.62611e-34 9.48431e-35
5.2675 3.00431e-34 1.07906e-34 2.64456e-34 9.55257e-35
5.2725 3.02284e-34 1.08598e-34 2.66311e-34 9.62122e-35
5.2775 3.04147e-34 1.09294e-34 2.68176e-34 9.69028e-35
5.2825 3.0602e-34 1.09993e-34 2.70052e-34 9.75974e-35
5.2875 3.07902e-34 1.10696e-34 2.71939e-34 9.8296e-35
5.2925 3.09794e-34 1.11403e-34 2.73836e-34 9.89986e-35
5.2975 3.11696e-34 1.12113e-34 2.75743e-34 9.97052e-35
5.3025 3.13607e-34 1.12827e-34 2.7766e-34 1.00416e-34
5.3075 3.15526e-34 1.13545e-34 2.79587e-34 1.0113e-34
5.3125 3.17456e-34 1.14266e-34 2.81525e-34 1.01849e-34
5.3175 3.19394e-34 1.14991e-34 2.83473e-34 1.02571e-34
5.3225 3.21343e-34 1.1572e-34 2.85431e-34 1.03298e-34
5.3275 3.23302e-34 1.16452e-34 2.874e-34 1.04029e-34
5.3325 3.2527e-34 1.17188e-34 2.8938e-34 1.04764e-34
5.3375 3.27249e-34 1.17929e-34 2.91371e-34 1.05503e-34
5.3425 3.29239e-34 1.18673e-34 2.93373e-34 1.06247e-34
5.3475 3.31239e-34 1.19421e-34 2.95386e-34 1.06994e-34
5.3525 3.3325e-34 1.20174e-34 2.97411e-34 1.07747e-34
5.3575 3.35272e-34 1.2093e-34 2.99446e-34 1.08503e-34
5.3625 3.37305e-34 1.21691e-34 3.01493e-34 1.09264e-34
5.3675 3.39349e-34 1.22456e-34 3.03552e-34 1.10029e-34
5.3725 3.41404e-34 1.23225e-34 3.05622e-34 1.10799e-34
5.3775 3.4347e-34 1.23998e-34 3.07703e-34 1.11573e-34
5.3825 3.45547e-34 1.24776e-34 3.09796e-34 1.12351e-34
5.3875 3.47635e-34 1.25558e-34 3.119e-34 1.13134e-34
5.3925 3.49733e-34 1.26344e-34 3.14016e-34 1.13921e-34
5.3975 3.51842e-34 1.27134e-34 3.16142e-34 1.14713e-34
5.4025 3.53961e-34 1.27927e-34 3.1828e-34 1.15508e-34
5.4075 3.56089e-34 1.28725e-34 3.20429e-34 1.16308e-34
5.4125 3.58229e-34 1.29527e-34 3.2259e-34 1.17112e-34
5.4175 3.60378e-34 1.30333e-34 3.24761e-34 1.17921e-34
5.4225 3.62538e-34 1.31143e-34 3.26944e-34 1.18734e-34
5.4275 3.6471e-34 1.31958e-34 3.29139e-34 1.19551e-34
5.4325 3.66892e-34 1.32777e-34 3.31346e-34 1.20373e-34
5.4375 3.69086e-34 1.336e-34 3.33565e-34 1.212e-34
5.4425 3.71291e-34 1.34428e-34 3.35796e-34 1.22031e-34
5.4475 3.73508e-34 1.3526e-34 3.38039e-34 1.22866e-34
5.4525 3.75737e-34 1.36097e-34 3.40294e-34 1.23707e-34
5.4575 3.77978e-34 1.36939e-34 3.42561e-34 1.24552e-34
5.4625 3.80231e-34 1.37785e-34 3.44841e-34 1.25402e-34
5.4675 3.82495e-34 1.38636e-34 3.47133e-34 1.26257e-34
5.4725 3.84772e-34 1.39492e-34 3.49438e-34 1.27116e-34
5.4775 3.8706e-34 1.40352e-34 3.51755e-34 1.27981e-34
5.4825 3.89361e-34 1.41217e-34 3.54084e-34 1.2885e-34
5.4875 3.91672e-34 1.42087e-34 3.56425e-34 1.29724e-34
5.4925 3.93995e-34 1.42961e-34 3.58778e-34 1.30603e-34
5.4975 3.96329e-34 1.43839e-34 3.61143e-34 1.31486e-34
5.5025 3.98673e-34 1.44722e-34 3.6352e-34 1.32375e-34
5.5075 4.01028e-34 1.45609e-34 3.65907e-34 1.33268e-34
5.5125 4.03394e-34 1.465e-34 3.68307e-34 1.34165e-34
5.5175 4.05771e-34 1.47396e-34 3.70718e-34 1.35068e-34
5.5225 4.08159e-34 1.48296e-34 3.73141e-34 1.35975e-34
5.5275 4.10558e-34 1.49201e-34 3.75577e-34 1.36887e-34
5.5325 4.1297e-34 1.5011e-34 3.78024e-34 1.37805e-34
5.5375 4.15393e-34 1.51025e-34 3.80485e-34 1.38727e-34
5.5425 4.17829e-34 1.51944e-34 3.82958e-34 1.39654e-34
5.5475 4.20278e-34 1.52868e-34 3.85445e-34 1.40587e-34
5.5525 4.22739e-34 1.53797e-34 3.87944e-34 1.41525e-34
5.5575 4.25214e-34 1.54731e-34 3.90457e-34 1.42467e-34
5.5625 4.27701e-34 1.5567e-34 3.92983e-34 1.43416e-34
5.5675 4.30202e-34 1.56614e-34 3.95522e-34 1.44369e-34
5.5725 4.32716e-34 1.57563e-34 3.98075e-34 1.45327e-34
5.5775 4.35244e-34 1.58517e-34 4.00642e-34 1.46291e-34
5.5825 4.37785e-34 1.59476e-34 4.03222e-34 1.4726e-34
5.5875 4.40339e-34 1.6044e-34 4.05816e-34 1.48234e-34
5.5925 4.42906e-34 1.61408e-34 4.08424e-34 1.49213e-34
5.5975 4.45485e-34 1.62382e-34 4.11045e-34 1.50196e-34
5.6025 4.48078e-34 1.63359e-34 4.13679e-34 1.51185e-34
5.6075 4.50682e-34 1.64342e-34 4.16326e-34 1.52178e-34
5.6125 4.533e-34 1.65328e-34 4.18987e-34 1.53176e-34
5.6175 4.55931e-34 1.6632e-34 4.21662e-34 1.54179e-34
5.6225 4.58575e-34 1.67316e-34 4.2435e-34 1.55188e-34
5.6275 4.61233e-34 1.68317e-34 4.27053e-34 1.56201e-34
5.6325 4.63905e-34 1.69323e-34 4.29771e-34 1.57219e-34
5.6375 4.66591e-34 1.70335e-34 4.32503e-34 1.58243e-34
5.6425 4.69292e-34 1.71351e-34 4.3525e-34 1.59272e-34
5.6475 4.72008e-34 1.72373e-34 4.38011e-34 1.60307e-34
5.6525 4.74738e-34 1.73401e-34 4.40788e-34 1.61347e-34
5.6575 4.77484e-34 1.74433e-34 4.4358e-34 1.62392e-34
5.6625 4.80245e-34 1.75472e-34 4.46387e-34 1.63444e-34
5.6675 4.83021e-34 1.76516e-34 4.4921e-34 1.64501e-34
5.6725 4.85811e-34 1.77566e-34 4.52048e-34 1.65563e-34
5.6775 4.88617e-34 1.78621e-34 4.549e-34 1.66631e-34
5.6825 4.91438e-34 1.79682e-34 4.57768e-34 1.67706e-34
5.6875 4.94273e-34 1.80749e-34 4.60651e-34 1.68785e-34
5.6925 4.97122e-34 1.81821e-34 4.63548e-34 1.69871e-34
5.6975 4.99984e-34 1.82899e-34 4.66459e-34 1.70962e-34
5.7025 5.02859e-34 1.83982e-34 4.69384e-34 1.72059e-34
5.7075 5.05747e-34 1.85071e-34 4.72323e-34 1.73162e-34
5.7125 5.08649e-34 1.86165e-34 4.75276e-34 1.7427e-34
5.7175 5.11563e-34 1.87265e-34 4.78243e-34 1.75384e-34
5.7225 5.14492e-34 1.8837e-34 4.81224e-34 1.76504e-34
5.7275 5.17435e-34 1.89482e-34 4.8422e-34 1.77631e-34
5.7325 5.20392e-34 1.906e-34 4.87231e-34 1.78763e-34
5.7375 5.23365e-34 1.91723e-34 4.90258e-34 1.79901e-34
5.7425 5.26352e-34 1.92853e-34 4.933e-34 1.81046e-34
5.7475 5.29355e-34 1.93989e-34 4.96358e-34 1.82197e-34
5.7525 5.32374e-34 1.95132e-34 4.99431e-34 1.83355e-34
5.7575 5.35408e-34 1.96281e-34 5.02521e-34 1.84519e-34
5.7625 5.38458e-34 1.97436e-34 5.05627e-34 1.85689e-34
5.7675 5.41525e-34 1.98598e-34 5.08748e-34 1.86866e-34
5.7725 5.44607e-34 1.99766e-34 5.11886e-34 1.8805e-34
5.7775 5.47706e-34 2.0094e-34 5.15041e-34 1.89239e-34
5.7825 5.5082e-34 2.02121e-34 5.18211e-34 1.90436e-34
5.7875 5.5395e-34 2.03308e-34 5.21397e-34 1.91638e-34
5.7925 5.57095e-34 2.045e-34 5.24599e-34 1.92846e-34
5.7975 5.60255e-34 2.05699e-34 5.27816e-34 1.94061e-34
5.8025 5.63429e-34 2.06903e-34 5.31048e-34 1.95281e-34
5.8075 5.66617e-34 2.08112e-34 5.34295e-34 1.96507e-34
5.8125 5.6982e-34 2.09326e-34 5.37557e-34 1.97738e-34
5.8175 5.73038e-34 2.10547e-34 5.40835e-34 1.98976e-34
5.8225 5.76271e-34 2.11773e-34 5.44129e-34 2.0022e-34
5.8275 5.79521e-34 2.13005e-34 5.47439e-34 2.0147e-34
5.8325 5.82786e-34 2.14243e-34 5.50765e-34 2.02726e-34
5.8375 5.86069e-34 2.15487e-34 5.54109e-34 2.03989e-34
5.8425 5.89368e-34 2.16738e-34 5.57469e-34 2.05258e-34
5.8475 5.92684e-34 2.17996e-34 5.60847e-34 2.06534e-34
5.8525 5.96018e-34 2.19259e-34 5.64243e-34 2.07816e-34
5.8575 5.9937e-34 2.2053e-34 5.67656e-34 2.09106e-34
5.8625 6.02739e-34 2.21807e-34 5.71086e-34 2.10402e-34
5.8675 6.06127e-34 2.23091e-34 5.74535e-34 2.11705e-34
5.8725 6.09532e-34 2.24382e-34 5.78002e-34 2.13015e-34
5.8775 6.12955e-34 2.25679e-34 5.81486e-34 2.14331e-34
5.8825 6.16395e-34 2.26984e-34 5.84988e-34 2.15655e-34
5.8875 6.19853e-34 2.28295e-34 5.88507e-34 2.16985e-34
5.8925 6.23328e-34 2.29612e-34 5.92044e-34 2.18322e-34
5.8975 6.26819e-34 2.30936e-34 5.95597e-34 2.19666e-34
5.9025 6.30325e-34 2.32266e-34 5.99167e-34 2.21016e-34
5.9075 6.33847e-34 2.33602e-34 6.02753e-34 2.22372e-34
5.9125 6.37385e-34 2.34945e-34 6.06355e-34 2.23735e-34
5.9175 6.4094e-34 2.36294e-34 6.09974e-34 2.25105e-34
5.9225 6.44511e-34 2.3765e-34 6.13611e-34 2.26482e-34
5.9275 6.481e-34 2.39012e-34 6.17265e-34 2.27866e-34
5.9325 6.51707e-34 2.40382e-34 6.20938e-34 2.29256e-34
5.9375 6.55332e-34 2.41759e-34 6.24628e-34 2.30654e-34
5.9425 6.58976e-34 2.43143e-34 6.28338e-34 2.3206e-34
5.9475 6.62639e-34 2.44535e-34 6.32066e-34 2.33473e-34
5.9525 6.66321e-34 2.45934e-34 6.35814e-34 2.34893e-34
5.9575 6.70022e-34 2.4734e-34 6.39581e-34 2.36321e-34
5.9625 6.73743e-34 2.48755e-34 6.43368e-34 2.37756e-34
5.9675 6.77483e-34 2.50177e-34 6.47174e-34 2.39199e-34
5.9725 6.81243e-34 2.51606e-34 6.50999e-34 2.4065e-34
5.9775 6.85023e-34 2.53043e-34 6.54844e-34 2.42108e-34
5.9825 6.88821e-34 2.54488e-34 6.58709e-34 2.43574e-34
5.9875 6.92638e-34 2.5594e-34 6.62592e-34 2.45046e-34
5.9925 6.96474e-34 2.57399e-34 6.66494e-34 2.46527e-34
5.9975 7.00327e-34 2.58865e-34 6.70414e-34 2.48014e-34
6.0025 7.04197e-34 2.60337e-34 6.74351e-34 2.49508e-34
6.0075 7.08084e-34 2.61816e-34 6.78305e-34 2.51009e-34
6.0125 7.11987e-34 2.63302e-34 6.82278e-34 2.52516e-34
6.0175 7.15909e-34 2.64795e-34 6.86269e-34 2.54031e-34
6.0225 7.19848e-34 2.66295e-34 6.90278e-34 2.55553e-34
6.0275 7.23807e-34 2.67802e-34 6.94306e-34 2.57082e-34
6.0325 7.27785e-34 2.69317e-34 6.98355e-34 2.58619e-34
6.0375 7.31783e-34 2.70839e-34 7.02423e-34 2.60163e-34
6.0425 7.358e-34 2.7237e-34 7.06511e-34 2.61716e-34
6.0475 7.39839e-34 2.73908e-34 7.1062e-34 2.63276e-34
6.0525 7.43898e-34 2.75454e-34 7.1475e-34 2.64844e-34
6.0575 7.47979e-34 2.77009e-34 7.18901e-34 2.66421e-34
6.0625 7.5208e-34 2.78571e-34 7.23073e-34 2.68005e-34
6.0675 7.56203e-34 2.80142e-34 7.27266e-34 2.69598e-34
6.0725 7.60348e-34 2.81721e-34 7.31481e-34 2.71199e-34
6.0775 7.64513e-34 2.83309e-34 7.35716e-34 2.72808e-34
6.0825 7.687e-34 2.84904e-34 7.39973e-34 2.74426e-34
6.0875 7.72907e-34 2.86508e-34 7.4425e-34 2.76052e-34
6.0925 7.77134e-34 2.88119e-34 7.48548e-34 2.77685e-34
6.0975 7.8138e-34 2.89738e-34 7.52865e-34 2.79327e-34
6.1025 7.85645e-34 2.91364e-34 7.572e-34 2.80975e-34
6.1075 7.89928e-34 2.92997e-34 7.61555e-34 2.82632e-34
6.1125 7.94229e-34 2.94638e-34 7.65929e-34 2.84296e-34
6.1175 7.9855e-34 2.96286e-34 7.70322e-34 2.85968e-34
6.1225 8.02892e-34 2.97942e-34 7.74736e-34 2.87648e-34
6.1275 8.07254e-34 2.99607e-34 7.79171e-34 2.89337e-34
6.1325 8.11637e-34 3.01279e-34 7.83627e-34 2.91034e-34
6.1375 8.16042e-34 3.0296e-34 7.88105e-34 2.92739e-34
6.1425 8.20469e-34 3.0465e-34 7.92605e-34 2.94454e-34
6.1475 8.24919e-34 3.06348e-34 7.97127e-34 2.96177e-34
6.1525 8.29392e-34 3.08055e-34 8.01672e-34 2.97909e-34
6.1575 8.33889e-34 3.09772e-34 8.06241e-34 2.9965e-34
6.1625 8.38409e-34 3.11497e-34 8.10833e-34 3.014e-34
6.1675 8.42952e-34 3.13231e-34 8.15448e-34 3.03159e-34
6.1725 8.47519e-34 3.14975e-34 8.20086e-34 3.04928e-34
6.1775 8.52109e-34 3.16727e-34 8.24747e-34 3.06705e-34
6.1825 8.56722e-34 3.18488e-34 8.29431e-34 3.08491e-34
6.1875 8.61357e-34 3.20259e-34 8.34138e-34 3.10286e-34
6.1925 8.66015e-34 3.22037e-34 8.38867e-34 3.1209e-34
6.1975 8.70693e-34 3.23824e-34 8.43617e-34 3.13901e-34
6.2025 8.75392e-34 3.25618e-34 8.48388e-34 3.15721e-34
6.2075 8.8011e-34 3.2742e-34 8.53179e-34 3.17548e-34
6.2125 8.84848e-34 3.29231e-34 8.57991e-34 3.19383e-34
6.2175 8.89608e-34 3.31049e-34 8.62824e-34 3.21227e-34
6.2225 8.9439e-34 3.32876e-34 8.6768e-34 3.23079e-34
6.2275 8.99194e-34 3.34712e-34 8.72558e-34 3.2494e-34
6.2325 9.04021e-34 3.36557e-34 8.77459e-34 3.2681e-34
6.2375 9.08872e-34 3.38412e-34 8.82385e-34 3.28689e-34
6.2425 9.13747e-34 3.40275e-34 8.87334e-34 3.30578e-34
6.2475 9.18647e-34 3.42149e-34 8.92308e-34 3.32476e-34
6.2525 9.23572e-34 3.44032e-34 8.97307e-34 3.34384e-34
6.2575 9.28523e-34 3.45926e-34 9.02331e-34 3.36302e-34
6.2625 9.33498e-34 3.4783e-34 9.07381e-34 3.3823e-34
6.2675 9.385e-34 3.49744e-34 9.12455e-34 3.40168e-34
6.2725 9.43527e-34 3.51668e-34 9.17555e-34 3.42116e-34
6.2775 9.48579e-34 3.53602e-34 9.22681e-34 3.44074e-34
6.2825 9.53656e-34 3.55547e-34 9.2783e-34 3.46042e-34
6.2875 9.58757e-34 3.57501e-34 9.33004e-34 3.48021e-34
6.2925 9.63881e-34 3.59466e-34 9.38202e-34 3.50009e-34
6.2975 9.69028e-34 3.6144e-34 9.43422e-34 3.52007e-34
6.3025 9.74197e-34 3.63423e-34 9.48664e-34 3.54015e-34
6.3075 9.79386e-34 3.65415e-34 9.53927e-34 3.56032e-34
6.3125 9.84597e-34 3.67417e-34 9.59212e-34 3.58059e-34
6.3175 9.89831e-34 3.69429e-34 9.6452e-34 3.60096e-34
6.3225 9.95088e-34 3.7145e-34 9.69852e-34 3.62143e-34
6.3275 1.00037e-33 3.73482e-34 9.75208e-34 3.642e-34
6.3325 1.00568e-33 3.75525e-34 9.80589e-34 3.66268e-34
6.3375 1.01101e-33 3.77578e-34 9.85996e-34 3.68347e-34
6.3425 1.01637e-33 3.79642e-34 9.91429e-34 3.70436e-34
6.3475 1.02175e-33 3.81717e-34 9.96889e-34 3.72537e-34
6.3525 1.02717e-33 3.83803e-34 1.00238e-33 3.74649e-34
6.3575 1.03261e-33 3.859e-34 1.00789e-33 3.76772e-34
6.3625 1.03808e-33 3.88008e-34 1.01343e-33 3.78906e-34
6.3675 1.04358e-33 3.90128e-34 1.01901e-33 3.81051e-34
6.3725 1.0491e-33 3.92258e-34 1.02461e-33 3.83208e-34
6.3775 1.05466e-33 3.944e-34 1.03023e-33 3.85375e-34
6.3825 1.06024e-33 3.96552e-34 1.03589e-33 3.87552e-34
6.3875 1.06586e-33 3.98714e-34 1.04157e-33 3.8974e-34
6.3925 1.07149e-33 4.00885e-34 1.04728e-33 3.91937e-34
6.3975 1.07716e-33 4.03066e-34 1.05302e-33 3.94144e-34
6.4025 1.08285e-33 4.05256e-34 1.05878e-33 3.96359e-34
6.4075 1.08856e-33 4.07454e-34 1.06457e-33 3.98582e-34
6.4125 1.0943e-33 4.0966e-34 1.07039e-33 4.00814e-34
6.4175 1.10007e-33 4.11876e-34 1.07623e-33 4.03056e-34
6.4225 1.10586e-33 4.141e-34 1.0821e-33 4.05306e-34
6.4275 1.11169e-33 4.16335e-34 1.088e-33 4.07566e-34
6.4325 1.11754e-33 4.18579e-34 1.09392e-33 4.09836e-34
6.4375 1.12342e-33 4.20834e-34 1.09988e-33 4.12116e-34
6.4425 1.12933e-33 4.23099e-34 1.10587e-33 4.14406e-34
6.4475 1.13527e-33 4.25375e-34 1.11189e-33 4.16707e-34
6.4525 1.14125e-33 4.27662e-34 1.11793e-33 4.19019e-34
6.4575 1.14725e-33 4.2996e-34 1.12401e-33 4.21342e-34
6.4625 1.15329e-33 4.32269e-34 1.13012e-33 4.23676e-34
6.4675 1.15935e-33 4.3459e-34 1.13627e-33 4.26021e-34
6.4725 1.16545e-33 4.36922e-34 1.14244e-33 4.28378e-34
6.4775 1.17158e-33 4.39265e-34 1.14864e-33 4.30746e-34
6.4825 1.17774e-33 4.4162e-34 1.15487e-33 4.33125e-34
6.4875 1.18392e-33 4.43987e-34 1.16113e-33 4.35516e-34
6.4925 1.19013e-33 4.46364e-34 1.16742e-33 4.37917e-34
6.4975 1.19637e-33 4.48752e-34 1.17373e-33 4.4033e-34
6.5025 1.20263e-33 4.5115e-34 1.18007e-33 4.42753e-34
6.5075 1.20892e-33 4.53559e-34 1.18643e-33 4.45187e-34
6.5125 1.21523e-33 4.55979e-34 1.19282e-33 4.47631e-34
6.5175 1.22156e-33 4.58409e-34 1.19923e-33 4.50087e-34
6.5225 1.22792e-33 4.60851e-34 1.20566e-33 4.52554e-34
6.5275 1.2343e-33 4.63305e-34 1.21212e-33 4.55034e-34
6.5325 1.24072e-33 4.65771e-34 1.21861e-33 4.57525e-34
6.5375 1.24716e-33 4.68249e-34 1.22513e-33 4.6003e-34
6.5425 1.25363e-33 4.70741e-34 1.23168e-33 4.62546e-34
6.5475 1.26013e-33 4.73244e-34 1.23826e-33 4.65076e-34
6.5525 1.26667e-33 4.75761e-34 1.24487e-33 4.67619e-34
6.5575 1.27323e-33 4.78292e-34 1.25151e-33 4.70175e-34
6.5625 1.27983e-33 4.80835e-34 1.25818e-33 4.72744e-34
6.5675 1.28645e-33 4.83392e-34 1.26488e-33 4.75326e-34
6.5725 1.29311e-33 4.85962e-34 1.27161e-33 4.77922e-34
6.5775 1.29981e-33 4.88545e-34 1.27838e-33 4.8053e-34
6.5825 1.30653e-33 4.9114e-34 1.28517e-33 4.83151e-34
6.5875 1.31328e-33 4.93749e-34 1.292e-33 4.85785e-34
6.5925 1.32007e-33 4.96369e-34 1.29886e-33 4.8843e-34
6.5975 1.32688e-33 4.99e-34 1.30575e-33 4.91087e-34
6.6025 1.33372e-33 5.01642e-34 1.31266e-33 4.93755e-34
6.6075 1.34059e-33 5.04295e-34 1.3196e-33 4.96433e-34
6.6125 1.34749e-33 5.06959e-34 1.32657e-33 4.99123e-34
6.6175 1.35442e-33 5.09633e-34 1.33357e-33 5.01823e-34
6.6225 1.36138e-33 5.1232e-34 1.34061e-33 5.04535e-34
6.6275 1.36837e-33 5.15019e-34 1.34767e-33 5.0726e-34
6.6325 1.37539e-33 5.1773e-34 1.35477e-33 5.09997e-34
6.6375 1.38245e-33 5.20454e-34 1.3619e-33 5.12746e-34
6.6425 1.38954e-33 5.23192e-34 1.36906e-33 5.15509e-34
6.6475 1.39667e-33 5.25942e-34 1.37626e-33 5.18285e-34
6.6525 1.40384e-33 5.28707e-34 1.38349e-33 5.21075e-34
6.6575 1.41104e-33 5.31485e-34 1.39077e-33 5.23878e-34
6.6625 1.41828e-33 5.34278e-34 1.39807e-33 5.26695e-34
6.6675 1.42555e-33 5.37084e-34 1.40542e-33 5.29526e-34
6.6725 1.43286e-33 5.39905e-34 1.4128e-33 5.32371e-34
6.6775 1.44021e-33 5.4274e-34 1.42021e-33 5.3523e-34
6.6825 1.4476e-33 5.45588e-34 1.42766e-33 5.38103e-34
6.6875 1.45501e-33 5.4845e-34 1.43515e-33 5.40989e-34
6.6925 1.46246e-33 5.51324e-34 1.44267e-33 5.43888e-34
6.6975 1.46995e-33 5.54212e-34 1.45021e-33 5.468e-34
6.7025 1.47746e-33 5.57111e-34 1.45779e-33 5.49723e-34
6.7075 1.485e-33 5.60022e-34 1.4654e-33 5.52659e-34
6.7125 1.49257e-33 5.62945e-34 1.47304e-33 5.55607e-34
6.7175 1.50017e-33 5.65881e-34 1.48071e-33 5.58568e-34
6.7225 1.50781e-33 5.6883e-34 1.48841e-33 5.61542e-34
6.7275 1.51548e-33 5.71793e-34 1.49614e-33 5.64529e-34
6.7325 1.52318e-33 5.7477e-34 1.50391e-33 5.67531e-34
6.7375 1.53092e-33 5.77761e-34 1.51172e-33 5.70547e-34
6.7425 1.5387e-33 5.80767e-34 1.51956e-33 5.73578e-34
6.7475 1.54651e-33 5.83788e-34 1.52744e-33 5.76623e-34
6.7525 1.55437e-33 5.86824e-34 1.53536e-33 5.79684e-34
6.7575 1.56226e-33 5.89876e-34 1.54332e-33 5.8276e-34
6.7625 1.57019e-33 5.92943e-34 1.55132e-33 5.85852e-34
6.7675 1.57816e-33 5.96026e-34 1.55935e-33 5.88959e-34
6.7725 1.58617e-33 5.99124e-34 1.56742e-33 5.92082e-34
6.7775 1.59422e-33 6.02238e-34 1.57554e-33 5.9522e-34
6.7825 1.60231e-33 6.05367e-34 1.58369e-33 5.98373e-34
6.7875 1.61043e-33 6.08511e-34 1.59188e-33 6.01541e-34
6.7925 1.6186e-33 6.11668e-34 1.6001e-33 6.04722e-34
6.7975 1.62679e-33 6.1484e-34 1.60836e-33 6.07918e-34
6.8025 1.63502e-33 6.18023e-34 1.61665e-33 6.11126e-34
6.8075 1.64328e-33 6.2122e-34 1.62497e-33 6.14346e-34
6.8125 1.65157e-33 6.24429e-34 1.63333e-33 6.17579e-34
6.8175 1.65989e-33 6.27652e-34 1.64172e-33 6.20826e-34
6.8225 1.66825e-33 6.30889e-34 1.65014e-33 6.24087e-34
6.8275 1.67665e-33 6.3414e-34 1.6586e-33 6.27363e-34
6.8325 1.68508e-33 6.37407e-34 1.66711e-33 6.30653e-34
6.8375 1.69356e-33 6.40689e-34 1.67565e-33 6.33959e-34
6.8425 1.70208e-33 6.43986e-34 1.68423e-33 6.37281e-34
6.8475 1.71063e-33 6.473e-34 1.69285e-33 6.40618e-34
6.8525 1.71923e-33 6.50631e-34 1.70151e-33 6.43972e-34
6.8575 1.72787e-33 6.53978e-34 1.71022e-33 6.47342e-34
6.8625 1.73656e-33 6.57341e-34 1.71897e-33 6.50729e-34
6.8675 1.74528e-33 6.60722e-34 1.72776e-33 6.54133e-34
6.8725 1.75405e-33 6.64119e-34 1.73659e-33 6.57553e-34
6.8775 1.76286e-33 6.67533e-34 1.74547e-33 6.6099e-34
6.8825 1.77171e-33 6.70963e-34 1.75439e-33 6.64443e-34
6.8875 1.78061e-33 6.74409e-34 1.76334e-33 6.67912e-34
6.8925 1.78954e-33 6.77871e-34 1.77234e-33 6.71397e-34
6.8975 1.7985e-33 6.81347e-34 1.78137e-33 6.74895e-34
6.9025 1.8075e-33 6.84837e-34 1.79044e-33 6.78408e-34
6.9075 1.81654e-33 6.8834e-34 1.79954e-33 6.81934e-34
6.9125 1.8256e-33 6.91857e-34 1.80867e-33 6.85475e-34
6.9175 1.83471e-33 6.95389e-34 1.81784e-33 6.8903e-34
6.9225 1.84385e-33 6.98936e-34 1.82705e-33 6.926e-34
6.9275 1.85303e-33 7.02499e-34 1.8363e-33 6.96187e-34
6.9325 1.86225e-33 7.06078e-34 1.84558e-33 6.99789e-34
6.9375 1.87151e-33 7.09674e-34 1.85491e-33 7.03409e-34
6.9425 1.88082e-33 7.13288e-34 1.86429e-33 7.07045e-34
6.9475 1.89017e-33 7.16919e-34 1.8737e-33 7.107e-34
6.9525 1.89957e-33 7.20568e-34 1.88317e-33 7.14372e-34
6.9575 1.90901e-33 7.24235e-34 1.89267e-33 7.18062e-34
6.9625 1.9185e-33 7.2792e-34 1.90223e-33 7.21771e-34
6.9675 1.92803e-33 7.31624e-34 1.91183e-33 7.25497e-34
6.9725 1.93761e-33 7.35347e-34 1.92147e-33 7.29242e-34
6.9775 1.94724e-33 7.39087e-34 1.93116e-33 7.33005e-34
6.9825 1.95691e-33 7.42845e-34 1.9409e-33 7.36786e-34
6.9875 1.96663e-33 7.4662e-34 1.95068e-33 7.40584e-34
6.9925 1.97639e-33 7.50412e-34 1.9605e-33 7.44399e-34
6.9975 1.98619e-33 7.5422e-34 1.97036e-33 7.48229e-34
